nstars           : 14999
n_binaries       : 4491
M_cluster        : 11184.493851722791 Msun
M_>8             : 2895.0476120119556 Msun
