nstars           : 14999
n_binaries       : 4171
M_cluster        : 8627.17503482836 Msun
M_>8             : 1711.1774611193748 Msun
fbin             : 0.3852050240118212
