nstars           : 14999
n_binaries       : 2665
vir. radius      : 6.0 pc
fbin             : 0.21606940165396465
half-mass radius : 5.073590016582747 pc
